Width:2960 Height:1664 Lens:0 Hfov:90
Width:2960 Height:1664 Lens:0 Hfov:90
C_0:0 C_1:0 C_2:0 A_th:3.14159265359 A_ph:0 H_0:1114.37528066 H_1:0 H_2:-1459.15881629 V_0:0.127297728699 V_1:-1106.37198607 V_2:-763.501725509 O_th:3.16035303068 O_ph:-411955.561112 rho_0:-0.0132703334183 rho_1:0.00670522332854 rho_2:-3.89941702185e-06 L:-0.460913661973 LAMBDA:-0.106220701897
C_0:-0.0157105495664 C_1:30.746842574 C_2:29.284108766 A_th:1.96540620663 A_ph:1.57243352754 H_0:-1061.14867087 H_1:1380.7884938 H_2:-581.690026729 V_0:-6.649008936 V_1:1163.95954223 V_2:672.418537128 O_th:1.98832989157 O_ph:1.57470915338 rho_0:-0.0151288112518 rho_1:0.00670844927902 rho_2:-3.63141343178e-06 L:-0.408847201623 LAMBDA:-0.0835780171374
