Width:2560 Height:1440 Lens:0 Hfov:78
Width:2560 Height:1440 Lens:1 Hfov:123
C_0:0 C_1:0 C_2:0 A_th:3.14159 A_ph:0 H_0:1896.9 H_1:0 H_2:-1261.16 V_0:0.440238 V_1:-1900.63 V_2:-665.537 O_th:3.13665 O_ph:26320.6 rho_0:0.000344593 rho_1:-0.000269515 rho_2:1.22069e-07 L:-0.670283 LAMBDA:-0.22464
C_0:46.9374 C_1:1.15929 C_2:46.7797 A_th:1.71511 A_ph:0.00998246 H_0:1441.88 H_1:30.038 H_2:1064.44 V_0:704.749 V_1:-1253.47 V_2:-84.6921 O_th:1.70957 O_ph:0.00764339 rho_0:-0.00127779 rho_1:0.00238428 rho_2:-1.28968e-06 L:-0.554824 LAMBDA:-0.153915
