Width:2688 Height:1520 Lens:1 Hfov:110
Width:2688 Height:1520 Lens:1 Hfov:110
C_0:0 C_1:0 C_2:0 A_th:3.14159 A_ph:0 H_0:1762.02 H_1:0 H_2:-1335.97 V_0:2.07895 V_1:-1765.15 V_2:-788.809 O_th:3.1379 O_ph:13731.7 rho_0:0.0190687 rho_1:-0.00131092 rho_2:1.2402e-07 L:-0.951439 LAMBDA:-0.452618
C_0:53.8986 C_1:0.155748 C_2:35.5234 A_th:1.66142 A_ph:0.00576906 H_0:1496.55 H_1:1.88404 H_2:1627.85 V_0:778.021 V_1:-1768.01 V_2:-82.4368 O_th:1.6458 O_ph:0.00532344 rho_0:0.019284 rho_1:-0.00131047 rho_2:1.23756e-07 L:-0.949975 LAMBDA:-0.451226
